[77.519, 35.486],
            [77.688, 35.453],
            [77.815, 35.522],
            [77.911, 35.462],
            [77.938, 35.559],
            [78.157, 35.551],
            [78.244, 35.725],
            [78.800, 35.870],
            [78.856, 35.974],
            [79.028, 35.914],
            [79.343, 35.988],
            [79.442, 35.968],
            [79.489, 35.849],
            [79.572, 35.897],
            [79.704, 35.639],
            [79.999, 35.602],
            [80.055, 35.423],
            [80.205, 35.575],
            [80.412, 35.477],
            [80.286, 35.354],
            [80.205, 34.891],
            [80.074, 34.706],
            [79.787, 34.627],
            [79.794, 34.480],
            [79.509, 34.454],
            [79.607, 34.238],
            [79.491, 34.191],
            [79.403, 34.002],
            [78.995, 34.037],
            [78.887, 33.973],
            [79.090, 33.637],
            [78.907, 33.620],
            [78.940, 33.380],
            [79.107, 33.200],
            [79.408, 33.189],
            [79.331, 33.001],
            [79.557, 32.759],
            [79.548, 32.677],
            [79.413, 32.520],
            [79.276, 32.556],
            [78.968, 32.336],
            [78.779, 32.479],
            [78.740, 32.696],
            [78.395, 32.530],
            [78.488, 32.276],
            [78.780, 31.994],
            [78.702, 31.807],
            [78.847, 31.609],
            [78.720, 31.509],
            [78.797, 31.444],
            [78.778, 31.312],
            [78.900, 31.290],
            [79.099, 31.455],
            [79.427, 31.023],
            [79.603, 30.940],
            [79.866, 30.972],
            [80.239, 30.762],
            [80.218, 30.580],
            [81.031, 30.247],
            [80.997, 30.186],
            [80.910, 30.223],
            [80.747, 30.006],
            [80.366, 29.748],
            [80.408, 29.596],
            [80.243, 29.444],
            [80.297, 29.205],
            [80.145, 29.104],
            [80.075, 28.824],
            [80.517, 28.552],
            [80.504, 28.665],
            [80.569, 28.688],
            [81.211, 28.361],
            [81.318, 28.134],
            [81.447, 28.161],
            [81.885, 27.857],
            [82.070, 27.924],
            [82.449, 27.679],
            [82.708, 27.723],
            [82.736, 27.502],
            [83.188, 27.454],
            [83.317, 27.330],
            [83.388, 27.480],
            [83.614, 27.469],
            [83.864, 27.346],
            [83.847, 27.445],
            [84.024, 27.433],
            [84.151, 27.517],
            [84.292, 27.385],
            [84.620, 27.339],
            [84.689, 27.221],
            [84.643, 27.046],
            [84.963, 26.961],
            [85.024, 26.854],
            [85.191, 26.870],
            [85.211, 26.758],
            [85.627, 26.873],
            [85.852, 26.568],
            [86.027, 26.667],
            [86.333, 26.619],
            [86.731, 26.423],
            [87.072, 26.586],
            [87.091, 26.450],
            [87.341, 26.347],
            [87.466, 26.440],
            [87.605, 26.381],
            [87.888, 26.487],
            [88.008, 26.361],
            [88.186, 26.738],
            [88.135, 26.985],
            [87.987, 27.119],
            [88.044, 27.496],
            [88.197, 27.791],
            [88.118, 27.918],
            [88.637, 28.118],
            [88.836, 28.015],
            [88.888, 27.856],
            [88.763, 27.566],
            [88.915, 27.291],
            [88.746, 27.142],
            [88.872, 27.109],
            [88.875, 26.943],
            [88.921, 26.994],
            [89.134, 26.807],
            [89.379, 26.862],
            [89.650, 26.777],
            [89.626, 26.723],
            [89.861, 26.702],
            [90.194, 26.774],
            [90.356, 26.901],
            [90.717, 26.770],
            [91.690, 26.807],
            [91.892, 26.921],
            [92.056, 26.847],
            [92.121, 26.961],
            [92.031, 27.080],
            [92.038, 27.258],
            [92.123, 27.287],
            [92.017, 27.481],
            [91.652, 27.483],
            [91.562, 27.631],
            [91.643, 27.761],
            [91.924, 27.717],
            [92.244, 27.888],
            [92.319, 27.797],
            [92.456, 27.793],
            [92.730, 27.978],
            [92.677, 28.151],
            [92.922, 28.201],
            [93.426, 28.662],
            [93.712, 28.665],
            [94.261, 28.932],
            [94.366, 29.026],
            [94.293, 29.152],
            [94.626, 29.296],
            [94.697, 29.315],
            [94.807, 29.165],
            [95.263, 29.068],
            [95.434, 29.193],
            [95.504, 29.126],
            [95.606, 29.236],
            [95.709, 29.204],
            [95.812, 29.348],
            [96.054, 29.383],
            [96.303, 29.192],
            [96.187, 29.037],
            [96.330, 29.113],
            [96.632, 28.734],
            [96.406, 28.506],
            [96.498, 28.429],
            [96.493, 28.542],
            [96.712, 28.611],
            [96.925, 28.353],
            [97.126, 28.362],
            [97.360, 28.205],
            [97.312, 28.062],
            [97.395, 28.012],
            [97.366, 27.877],
            [97.247, 27.900],
            [96.890, 27.606],
            [96.903, 27.453],
            [97.138, 27.091],
            [96.868, 27.185],
            [96.884, 27.260],
            [96.704, 27.372],
            [96.229, 27.279],
            [95.431, 26.700],
            [95.149, 26.616],
            [95.062, 26.450],
            [95.132, 26.378],
            [95.118, 26.101],
            [95.186, 26.073],
            [95.012, 25.898],
            [95.049, 25.760],
            [94.898, 25.566],
            [94.635, 25.395],
            [94.576, 25.214],
            [94.741, 25.127],
            [94.714, 24.935],
            [94.398, 24.482],
            [94.157, 23.848],
            [93.808, 23.927],
            [93.754, 24.006],
            [93.505, 23.942],
            [93.328, 24.081],
            [93.438, 23.687],
            [93.355, 23.353],
            [93.385, 23.135],
            [93.294, 23.007],
            [93.127, 23.044],
            [93.106, 22.527],
            [93.202, 22.264],
            [93.151, 22.176],
            [93.038, 22.195],
            [93.005, 21.987],
            [92.951, 22.030],
            [92.906, 21.941],
            [92.863, 22.063],
            [92.700, 22.155],
            [92.680, 22.012],
            [92.603, 21.978],
            [92.517, 22.722],
            [92.371, 22.936],
            [92.347, 23.236],
            [92.404, 23.241],
            [92.280, 23.719],
            [92.215, 23.652],
            [92.148, 23.736],
            [92.047, 23.646],
            [91.957, 23.734],
            [91.970, 23.478],
            [91.762, 23.300],
            [91.836, 23.092],
            [91.619, 22.937],
            [91.412, 23.284],
            [91.417, 23.065],
            [91.347, 23.102],
            [91.320, 23.360],
            [91.160, 23.611],
            [91.233, 23.927],
            [91.379, 23.975],
            [91.374, 24.108],
            [91.586, 24.073],
            [91.666, 24.234],
            [91.763, 24.142],
            [91.745, 24.247],
            [91.902, 24.137],
            [91.920, 24.337],
            [92.164, 24.419],
            [92.296, 24.737],
            [92.232, 24.900],
            [92.498, 24.876],
            [92.425, 25.030],
            [92.062, 25.188],
            [91.638, 25.123],
            [91.268, 25.207],
            [90.441, 25.145],
            [89.838, 25.293],
            [89.882, 25.617],
            [89.816, 25.815],
            [89.887, 25.945],
            [89.825, 25.945],
            [89.871, 25.981],
            [89.679, 26.238],
            [89.591, 26.157],
            [89.650, 26.063],
            [89.577, 25.969],
            [89.424, 26.048],
            [89.356, 26.008],
            [89.155, 26.138],
            [89.087, 26.398],
            [88.957, 26.460],
            [88.905, 26.409],
            [89.051, 26.242],
            [88.898, 26.289],
            [88.842, 26.231],
            [88.793, 26.310],
            [88.666, 26.263],
            [88.745, 26.348],
            [88.399, 26.627],
            [88.332, 26.482],
            [88.485, 26.460],
            [88.524, 26.359],
            [88.177, 26.148],
            [88.107, 25.815],
            [88.269, 25.808],
            [88.540, 25.508],
            [88.810, 25.523],
            [88.841, 25.364],
            [89.009, 25.303],
            [89.008, 25.264],
            [88.923, 25.165],
            [88.442, 25.210],
            [88.399, 24.945],
            [88.330, 24.870],
            [88.224, 24.962],
            [88.138, 24.936],
            [88.175, 24.860],
            [88.009, 24.668],
            [88.334, 24.382],
            [88.735, 24.279],
            [88.699, 24.121],
            [88.769, 23.982],
            [88.575, 23.862],
            [88.558, 23.649],
            [88.801, 23.497],
            [88.719, 23.255],
            [88.996, 23.215],
            [88.845, 23.009],
            [88.969, 22.845],
            [88.938, 22.560],
            [89.098, 22.155],
            [89.064, 21.937],
            [89.019, 21.976],
            [88.986, 21.896],
            [89.100, 21.637],
            [88.920, 21.630],
            [88.860, 21.777],
            [88.849, 21.616],
            [88.723, 21.678],
            [88.700, 21.857],
            [88.779, 22.014],
            [88.639, 22.076],
            [88.555, 21.815],
            [88.518, 21.948],
            [88.458, 21.896],
            [88.451, 21.612],
            [88.430, 21.607],
            [88.440, 21.623],
            [88.420, 21.653],
            [88.435, 21.702],
            [88.424, 21.719],
            [88.397, 21.591],
            [88.402, 21.720],
            [88.275, 21.734],
            [88.310, 21.579],
            [88.247, 21.561],
            [88.233, 21.667],
            [88.199, 21.681],
            [88.220, 21.698],
            [88.220, 21.762],
            [88.156, 21.956],
            [88.209, 22.149],
            [88.181, 22.191],
            [88.020, 22.223],
            [88.190, 22.104],
            [88.048, 22.014],
            [87.804, 21.696],
            [87.092, 21.537],
            [86.912, 21.338],
            [86.827, 21.137],
            [86.975, 20.821],
            [86.868, 20.775],
            [86.996, 20.770],
            [86.964, 20.695],
            [87.070, 20.721],
            [86.732, 20.535],
            [86.708, 20.409],
            [86.788, 20.377],
            [86.674, 20.294],
            [86.799, 20.347],
            [86.521, 20.185],
            [86.423, 20.002],
            [86.315, 19.988],
            [86.372, 19.952],
            [85.540, 19.696],
            [85.592, 19.703],
            [85.038, 19.392],
            [84.129, 18.310],
            [83.556, 18.026],
            [83.215, 17.590],
            [82.602, 17.284],
            [82.306, 17.038],
            [82.250, 16.936],
            [82.251, 16.875],
            [82.360, 16.825],
            [82.333, 16.989],
            [82.371, 16.909],
            [82.362, 16.816],
            [82.342, 16.736],
            [82.269, 16.707],
            [82.370, 16.724],
            [82.309, 16.597],
            [82.258, 16.689],
            [82.305, 16.560],
            [81.719, 16.309],
            [81.726, 16.350],
            [81.717, 16.365],
            [81.710, 16.305],
            [81.553, 16.372],
            [81.267, 16.293],
            [81.152, 15.972],
            [80.938, 15.710],
            [80.832, 15.701],
            [80.805, 15.842],
            [80.677, 15.890],
            [80.264, 15.672],
            [80.048, 15.074],
            [80.185, 14.597],
            [80.140, 14.565],
            [80.196, 14.578],
            [80.126, 14.066],
            [80.346, 13.283],
            [80.156, 12.462],
            [79.873, 12.040],
            [79.759, 11.672],
            [79.832, 11.361],
            [79.775, 11.386],
            [79.761, 11.379],
            [79.839, 11.352],
            [79.857, 11.196],
            [79.881, 10.311],
            [79.793, 10.273],
            [79.639, 10.365],
            [79.294, 10.260],
            [79.268, 10.040],
            [78.900, 9.487],
            [78.959, 9.340],
            [79.189, 9.280],
            [78.861, 9.251],
            [78.266, 9.018],
            [78.125, 8.762],
            [78.201, 8.785],
            [78.070, 8.374],
            [77.550, 8.074],
            [77.317, 8.123],
            [77.012, 8.350],
            [76.546, 8.900],
            [76.666, 8.994],
            [76.539, 8.934],
            [76.496, 9.168],
            [76.357, 9.365],
            [76.270, 10.033],
            [76.241, 9.973],
            [75.958, 10.817],
            [75.912, 10.785],
            [75.870, 11.124],
            [75.543, 11.711],
            [75.201, 12.004],
            [74.825, 12.838],
            [74.695, 13.343],
            [74.666, 13.631],
            [74.722, 13.638],
            [74.650, 13.664],
            [74.427, 14.278],
            [74.517, 14.242],
            [74.422, 14.286],
            [74.284, 14.712],
            [74.118, 14.771],
            [74.165, 14.859],
            [73.913, 15.083],
            [73.898, 15.328],
            [73.785, 15.408],
            [73.885, 15.428],
            [73.734, 15.588],
            [73.790, 15.652],
            [73.734, 15.615],
            [73.457, 16.053],
            [73.428, 16.372],
            [73.374, 16.359],
            [73.367, 16.379],
            [73.469, 16.413],
            [73.370, 16.395],
            [73.317, 16.511],
            [73.337, 16.560],
            [73.365, 16.514],
            [73.352, 16.513],
            [73.353, 16.499],
            [73.362, 16.478],
            [73.444, 16.500],
            [73.319, 16.598],
            [73.402, 16.616],
            [73.333, 16.619],
            [73.307, 16.728],
            [73.330, 16.968],
            [73.272, 16.987],
            [73.257, 17.048],
            [73.287, 16.999],
            [73.325, 17.040],
            [73.191, 17.297],
            [73.262, 17.258],
            [73.300, 17.292],
            [73.172, 17.399],
            [73.140, 17.558],
            [73.217, 17.589],
            [73.138, 17.610],
            [73.130, 17.834],
            [73.031, 17.949],
            [73.091, 17.990],
            [73.020, 17.991],
            [72.933, 18.217],
            [72.967, 18.279],
            [73.102, 18.142],
            [73.086, 18.319],
            [73.030, 18.263],
            [72.921, 18.347],
            [72.907, 18.540],
            [73.006, 18.467],
            [72.857, 18.694],
            [72.939, 18.825],
            [72.997, 18.778],
            [72.980, 18.752],
            [73.000, 18.723],
            [73.016, 18.715],
            [72.989, 18.865],
            [72.909, 18.897],
            [73.067, 19.021],
            [73.001, 19.004],
            [72.986, 19.190],
            [72.958, 19.037],
            [72.806, 18.893],
            [72.831, 19.180],
            [72.780, 19.154],
            [72.841, 19.254],
            [72.783, 19.192],
            [72.786, 19.305],
            [72.912, 19.288],
            [72.777, 19.348],
            [72.745, 19.460],
            [72.889, 19.524],
            [72.730, 19.529],
            [72.655, 19.833],
            [72.666, 19.934],
            [72.746, 19.942],
            [72.754, 20.290],
            [72.900, 20.530],
            [72.845, 20.744],
            [72.877, 20.735],
            [72.930, 20.759],
            [72.826, 20.794],
            [72.783, 20.919],
            [72.850, 20.972],
            [72.758, 20.929],
            [72.734, 20.998],
            [72.728, 21.054],
            [72.849, 21.032],
            [72.707, 21.087],
            [72.789, 21.180],
            [72.640, 21.080],
            [72.638, 21.207],
            [72.662, 21.226],
            [72.695, 21.193],
            [72.742, 21.198],
            [72.598, 21.298],
            [72.699, 21.463],
            [72.739, 21.435],
            [72.762, 21.448],
            [72.728, 21.478],
            [72.646, 21.446],
            [72.680, 21.501],
            [72.928, 21.676],
            [72.537, 21.663],
            [72.619, 21.906],
            [72.652, 21.947],
            [72.714, 21.936],
            [72.741, 21.954],
            [72.750, 21.973],
            [72.647, 21.965],
            [72.537, 21.896],
            [72.508, 21.976],
            [72.586, 22.205],
            [72.761, 22.174],
            [72.912, 22.265],
            [72.748, 22.231],
            [72.535, 22.305],
            [72.431, 22.205],
            [72.380, 22.337],
            [72.326, 22.308],
            [72.299, 22.103],
            [72.182, 22.022],
            [72.247, 21.924],
            [72.232, 21.945],
            [72.212, 21.954],
            [72.163, 21.960],
            [72.250, 21.911],
            [72.250, 21.810],
            [72.215, 21.857],
            [72.166, 21.810],
            [72.306, 21.627],
            [72.089, 21.315],
            [72.111, 21.199],
            [71.442, 20.868],
            [70.822, 20.691],
            [70.156, 21.055],
            [68.935, 22.307],
            [69.068, 22.479],
            [69.035, 22.390],
            [69.192, 22.418],
            [69.157, 22.310],
            [69.227, 22.256],
            [69.480, 22.332],
            [69.510, 22.425],
            [69.574, 22.322],
            [69.668, 22.323],
            [69.728, 22.475],
            [69.808, 22.398],
            [69.986, 22.545],
            [70.174, 22.542],
            [70.448, 22.970],
            [70.287, 22.945],
            [70.219, 23.055],
            [70.224, 22.953],
            [70.132, 22.996],
            [70.100, 22.908],
            [69.885, 22.913],
            [69.711, 22.738],
            [69.452, 22.775],
            [69.362, 22.881],
            [69.350, 22.818],
            [69.196, 22.836],
            [69.076, 22.952],
            [69.064, 22.915],
            [69.014, 22.983],
            [68.991, 22.954],
            [68.982, 22.992],
            [68.962, 22.968],
            [68.757, 23.080],
            [68.632, 23.169],
            [68.717, 23.125],
            [68.579, 23.227],
            [68.679, 23.302],
            [68.449, 23.480],
            [68.469, 23.551],
            [68.425, 23.509],
            [68.548, 23.714],
            [68.811, 23.879],
            [68.514, 23.745],
            [68.434, 23.736],
            [68.453, 23.779],
            [68.427, 23.819],
            [68.350, 23.582],
            [68.172, 23.617],
            [68.350, 23.730],
            [68.246, 23.671],
            [68.190, 23.727],
            [68.357, 23.974],
            [68.753, 23.971],
            [68.808, 24.313],
            [68.866, 24.212],
            [68.945, 24.303],
            [69.003, 24.223],
            [69.594, 24.292],
            [69.732, 24.171],
            [70.025, 24.171],
            [70.110, 24.295],
            [70.561, 24.421],
            [70.571, 24.252],
            [70.714, 24.216],
            [71.120, 24.402],
            [70.999, 24.444],
            [70.986, 24.596],
            [71.096, 24.689],
            [70.888, 25.148],
            [70.665, 25.397],
            [70.660, 25.702],
            [70.269, 25.714],
            [70.100, 25.938],
            [70.174, 26.551],
            [69.823, 26.589],
            [69.510, 26.744],
            [69.587, 27.183],
            [70.026, 27.563],
            [70.133, 27.806],
            [70.372, 28.012],
            [70.589, 28.010],
            [70.740, 27.742],
            [70.872, 27.706],
            [71.898, 27.961],
            [71.927, 28.122],
            [72.207, 28.395],
            [72.390, 28.770],
            [72.946, 29.028],
            [73.282, 29.572],
            [73.397, 29.946],
            [73.807, 30.068],
            [73.973, 30.198],
            [73.880, 30.360],
            [73.974, 30.444],
            [73.927, 30.439],
            [73.935, 30.490],
            [74.072, 30.523],
            [74.416, 30.940],
            [74.696, 31.074],
            [74.510, 31.132],
            [74.552, 31.364],
            [74.655, 31.426],
            [74.487, 31.715],
            [74.607, 31.890],
            [74.819, 31.959],
            [74.879, 32.054],
            [75.240, 32.091],
            [75.372, 32.226],
            [75.322, 32.344],
            [75.102, 32.477],
            [74.681, 32.493],
            [74.638, 32.615],
            [74.705, 32.842],
            [74.638, 32.751],
            [74.372, 32.770],
            [73.926, 33.034],
            [73.634, 33.093],
            [73.595, 33.892],
            [73.398, 34.378],
            [73.453, 34.569],
            [73.657, 34.563],
            [73.728, 34.764],
            [74.045, 34.890],
            [74.132, 35.119],
            [73.750, 35.221],
            [73.693, 35.349],
            [73.786, 35.524],
            [73.405, 35.529],
            [73.331, 35.663],
            [73.126, 35.721],
            [73.178, 35.860],
            [72.569, 35.852],
            [72.510, 35.902],
            [72.549, 36.233],
            [72.967, 36.477],
            [73.062, 36.697],
            [73.861, 36.725],
            [73.670, 36.922],
            [74.041, 36.834],
            [74.424, 37.007],
            [74.563, 36.971],
            [74.689, 37.096],
            [74.841, 37.066],
            [74.902, 36.941],
            [75.146, 37.034],
            [75.418, 36.959],
            [75.460, 36.730],
            [75.736, 36.753],
            [75.941, 36.606],
            [76.028, 36.440],
            [76.719, 36.160],
            [76.839, 35.860],
            [77.349, 35.720],
            [77.469, 35.652],
            [77.519, 35.486]